810
589
487
517
399
349
325
904
804
749
622
570
570
498
422
382
1135
619
549
489
459
441
358
351
538
767
581
470
482
553
436
413
318
466
635
363
359
373
339
276
308
226
379
420
449
366
400
379
392
360
243
271
367
349
269
248
272
275
219
231
228
164
228
192
195
174
196
224
176
187
138
114
97
140
113
190
200
228
173
146
164
120
105
93
80
144
169
142
130
100
93
79
60
57
48
187
142
155
135
100
88
67
40
41
23
128
110
129
111
98
66
63
42
25
29
9
149
139
121
174
145
123
91
66
32
21
20
7
100
104
125
101
92
79
52
36
30
11
16
2
78
80
51
71
49
43
25
11
6
9
2
183
16
