615
454
400
394
307
295
230
671
621
576
476
438
393
426
355
285
874
439
379
357
333
353
248
270
444
575
387
370
335
402
299
290
238
335
509
271
268
254
276
201
231
183
287
274
298
305
275
300
255
247
208
179
256
272
183
171
183
221
151
143
128
103
149
144
132
117
128
174
131
125
123
105
76
103
83
136
133
134
110
123
126
83
81
75
71
83
103
89
91
69
69
53
46
42
27
89
109
121
92
90
53
45
32
26
25
66
90
71
74
84
49
27
32
15
10
13
82
88
73
110
91
63
59
30
19
17
23
5
44
69
55
59
65
50
36
29
13
12
8
4
39
34
35
35
24
22
9
6
4
2
1
69
7
